WORD,POS
"***",***
",",-
"-",-
".",-
"?",-
"???",???
"}",***
"¶",***
"’",***
"→",***
"1",-
"10",-
"10",10
"1",1
"11",-
"11",11
"112",112
"12",12
"13",-
"14",-
"14",14
"15",-
"15",15
"1595",1595
"18",-
"18",18
"19",-
"2",-
"2",2
"28",28
"3",-
"32",32
"3",3
"34",-
"34",34
"4",4
"5",-
"5",5
"57",57
"6",-
"6",6
"7",-
"7",7
"8",-
"8",8
"9",-
"9",9
"abeja",CARD
"abejetu",CARD
"abejojančiam",V
"abejojimas",NA
"abejojimo",NA
"Abromo",NT
"abrozas",NA
"abrozo",NA
"abu",CARD
"abydą",NA
"abydas",NA
"Adomas",NT
"afiera",NA
"afieravoja",V
"afierų",NA
"akimi",NA
"akimis",NA
"akims",NA
"akis",NA
"akių",NA
"aklatį",NA
"aklieji",ADJ
"aklystė",NA
"Akvino",NT
"akyse",NA
"algame",V
"alga",NA
"alga",V
"algodami",V
"algos",NA
"algoti",V
"aliejų",NA
"alkaną",ADJ
"alkanų",ADJ
"alkanumą",NA
"alkintis",V
"alksta",V
"alkus",NA
"alpstantį",V
"altoriaus",NA
"alvu",NA
"amen",PTK
"amžina",ADJ
"amžiną",ADJ
"amžinai",ADV
"amžinas",ADJ
"amžinasis",ADJ
"amžino",ADJ
"amžinoji",ADJ
"amžinos",ADJ
"amžinose",ADJ
"amžinų",ADJ
"amžinume",NA
"amžio",NA
"amžis",NA
"amžių",NA
"aname",PD
"aną",PD
"anas",PD
"anas",PPER
"angelai",NA
"angelams",NA
"angelas",NA
"angelo",NA
"angelui",NA
"angelų",NA
"anie",PD
"anie",PPER
"anksti",ADV
"anksto",ADJ
"anoje",PD
"anoji",PD
"ano",PD
"anopi",PD
"ano",PPER
"anospi",PPER
"anos",PPER
"ant",AP
"antra",ADJO
"antrą",ADJO
"antram",ADJO
"antras",ADJO
"antri",ADJO
"antro",ADJO
"antroje",ADJO
"antros",ADJO
"antru",ADJO
"anumpi",PD
"anuo",PD
"anuos",PD
"anų",PD
"apaštalai",NA
"apaštalas",NA
"apaštalų",NA
"apaštalus",NA
"apčystijančia",V
"apgaišta",V
"apgaudami",V
"apgintas",V
"apgręžėte",V
"apgręžė",V
"apgręžk",V
"apgręžti",V
"apgrįžtų",V
"apgynęs",V
"apgynimas",NA
"apgynimo",NA
"apgynimu",NA
"apiblėsčiau",V
"apie",AP
"apkabinti",V
"apkalbėdami",V
"apkalbėti",V
"apkuopdavai",V
"apleidime",NA
"apleidimo",NA
"apleidimus",NA
"apleisk",V
"apleisti",V
"apleis",V
"aplenkdami",V
"aplink",AP
"apmaišytas",V
"apmaudavo",V
"apmauduoja",V
"apmauduose",NA
"apmazgojimo",NA
"apmazgoti",V
"aprašytas",V
"apreikšdami",V
"apreiškė",V
"aprėptos",V
"aprikimus",NA
"aprinko",V
"aprinkti",V
"apsaugojimo",NA
"apsikabinėja",V
"apsikrikštijęs",V
"apsirijimas",NA
"apsirikimus",NA
"apsirūstavai",V
"apsirūstinsi",V
"apsituri",V
"apsivilkdami",V
"apskritumu",NA
"apslėptų",V
"apsūdytų",V
"apsunkinau",V
"apsunkintas",V
"apsunkinti",V
"apturėjimo",NA
"apturėtume",V
"apturi",V
"apveizdėtų",V
"apveizdi",V
"apverkčiau",V
"apžado",NA
"apžadų",NA
"apžiebei",V
"apžiebiančia",V
"apžiebk",V
"apžieduotinėspi",NA
"apžieduotini",NA
"apžieduotinio",NA
"arba",KO
"argu",PTK
"arkančius",V
"arklio",NA
"ar",KO
"artes",PTK
"artikulai",NA
"artikulas",NA
"artikulų",NA
"artimą",ADJ
"artimam",ADJ
"artimą",NA
"artimas",NA
"artimesnis",ADJ
"artimiems",NA
"artimo",NA
"artimopi",ADJ
"artimų",ADJ
"artinasi",V
"artinuosi",V
"ašaras",NA
"ašarų",NA
"ašmą",ADJ
"aš",PPER
"aštuoni",CARD
"atateisęs",V
"atatolini",V
"atbylojęs",V
"ateidavo",V
"ateik",V
"ateimi",V
"ateis",V
"ateiti",V
"ateitumbime,ateitumėme",V
"atėjai",V
"atėjei",V
"atėjimo",NA
"atėjimu",NA
"atėjo",V
"atgeivinta",V
"atgeivinti",V
"atgręžk",V
"atgydyk",V
"atgydyti",V
"atgydytojau",NA
"atidengtą",V
"atidengti",V
"atiduomi",V
"atiduosi",V
"atiduoti",V
"atiduotų",V
"atilsėjimo",NA
"atilsį",NA
"atilsis",NA
"atima",V
"atitolinti",V
"atitraukti",V
"atlaidintomis",V
"atlankymas",NA
"atlankymo",NA
"atlankymu",NA
"atlankyti",V
"atleidai",V
"atleidimą",NA
"atleidimas",NA
"atleidimo",NA
"atleidi",V
"atleidžiame",V
"atleisk",V
"atleistina",V
"atleistinomis",V
"atleisti",V
"atleistų",V
"atlikai",V
"atmainei",V
"atmainyčiau",V
"atmainyti",V
"atmainytumbei,atmainytumei",V
"atmeni",V
"atmenu",V
"atmetime",NA
"atmėto",V
"atmindami",V
"atminimą",NA
"atminimas",NA
"atminime",NA
"atminkite",V
"atmink",V
"atmintumbime,atmintumėme",V
"atnaujinai",V
"atnešė",V
"atpenč",ADV
"atpirkai",V
"atpirkėje",NA
"atpirkimą",NA
"atpirko",V
"atpirkti",V
"atpirktų",V
"atsakei",V
"atsileidžia",V
"atsimindamas",V
"atsiuntei",V
"atsiuntė",V
"atsiuntimas",NA
"atsižada",V
"atsižadėjau",V
"atskirta",V
"atskirtu",V
"atstodinėjau",V
"atstoja",V
"atstojimo",NA
"atstok",V
"atstoti",V
"atvadavimu",NA
"atveri",V
"atversto",V
"atverti",V
"atvėsintumbei,atvėsintumei",V
"atvesti",V
"atvestumbei,atvestumei",V
"atviržimo",NA
"atviržti",V
"atvyzdį",NA
"atžuliloms",NA
"atžvilgį",NA
"atžvilgio",NA
"auginimopi",NA
"auginti",V
"augtų",V
"Augustinas",NT
"aukščiausiasis",ADJ
"aukščiausieji",ADJ
"aukščiausios",ADJ
"ausyse",NA
"autuvo",NA
"baido",V
"baimėje",NA
"baimės",NA
"baisaus",ADJ
"baisiai",ADV
"balsą",NA
"balsu",NA
"barė",V
"bat",KO
"Bazilijus",NT
"bažnyčiai",NA
"bažnyčia",NA
"bažnyčią",NA
"bažnyčioje",NA
"bažnyčion",NA
"bažnyčios",NA
"be",AP
"bėda",NA
"begale",ADJ
"begalę",ADJ
"begalei",ADJ
"begales",ADJ
"bėginėjančių",V
"bėgo",V
"bėgti",V
"begu",PTK
"bėgu",V
"bei",KO
"bėkite",V
"bendrininku",NA
"bendropi",ADJ
"bendrystę",NA
"bendrystėspi",NA
"bent",PTK
"be",PTK
"bereiktinai",ADV
"bet",KO
"bevelyti",V
"biesus",NA
"bijodamiesi",V
"bijokitės",V
"bilome",V
"bingusiai",ADV
"bjaurėdamas",V
"bjauresnio",ADJ
"bjauriu",ADJ
"bjauro",ADJ
"bjaurų",ADJ
"bjaurumą",NA
"bjaurus",ADJ
"bjaurūs",ADJ
"bjaurybė",NA
"bjaurybę",NA
"bjaurybes",NA
"bjaurybės",NA
"bjaurybių",NA
"bliužnija",V
"brangesnis",ADJ
"brangiausia",ADJ
"brangiausią",ADJ
"brangiausio",ADJ
"brangiausiu",ADJ
"brangindami",V
"brangios",ADJ
"brangios?",ADJ
"brangiu",ADJ
"brangumas",NA
"brangus",ADJ
"broliai",NA
"būčiau",V
"būdais",NA
"būdamas",V
"būdą",NA
"būdas",NA
"būdo",NA
"būdu",NA
"būdų",NA
"būdus",NA
"būk",KO
"būk",V
"buria",V
"bursininką",NA
"būsime",V
"būsiu",V
"bus",V
"bus",VA
"butai",NA
"būtinai",ADV
"būti",V
"būti",VA
"būtumbei,būtumei",V
"būtumbite,būtumėte",V
"būtų",V
"buvai",V
"buvau",V
"buvome",VA
"buvo",V
"buvo",VA
"bylame",V
"bylant",V
"bylau,byloju",V
"bylodamas",V
"bylodami",V
"bylojome",V
"byloki",V
"bylok",V
"bylosis",V
"bylota",V
"bylotis",V
"byloti",V
"bylo",V
"ceremonijas",NA
"čestavoja",V
"česties",NA
"Chananeos",-
"čia",ADV
"čion",ADV
"čionai",ADV
"cnatas",NA
"cnatomis",NA
"cnatose",NA
"corona",-
"čvičijime",NA
"čyščiaus",NA
"čystata",NA
"čystatos",NA
"čystumu",NA
"d.",-
"dabar",ADV
"dabokis",V
"daiktai",NA
"daiktą",NA
"daiktas",NA
"daikte",NA
"daikto",NA
"daiktu",NA
"daiktų",NA
"daiktuose",NA
"daiktus",NA
"dailė",NA
"daktarai",NA
"daktaras",NA
"daktarų",NA
"daleiskit",V
"dalią",NA
"dalioje",NA
"dalis",NA
"dalių",NA
"dangaus",NA
"dangstai",V
"dangstosi",V
"dangujęją",ADJ
"dangujejis",ADJ
"danguje",NA
"dangujumpi",ADJ
"dangų",NA
"dangun",NA
"danguose",NA
"danguosna",NA
"dangus",NA
"dangūs",NA
"darai",V
"darant",V
"darau",V
"darą",V
"darbai",NA
"darbais",NA
"darbas",NA
"darbininkams",NA
"darbumpi",NA
"darbu",NA
"darbų",NA
"darbuose",NA
"darbus",ADJ
"darbus",NA
"darei",V
"darė",V
"dargumą",NA
"darome",V
"darosi",V
"daro",V
"darydamas",V
"darydami",V
"daryk",V
"daryme",NA
"darymopi",NA
"darysime",V
"darys",V
"daryti",V
"darytoją",NA
"darytojas",NA
"darytojau",NA
"darytojaus",NA
"darytojį",NA
"darytoju",NA
"darytumbime,darytumėme",V
"darytų",V
"darželyje",NA
"dasileidimo",NA
"dasileido",V
"dasileidžiau",V
"dasileisti",V
"daug",ADV
"daugesnį",ADJ
"daugiariopų",ADJ
"daugiau",ADV
"daugiausiai",ADV
"daugio",NA
"daugsinai",V
"daugsindamas",V
"Daukšą",NT
"daužytis",V
"davei",V
"davėjui",NA
"davęs",V
"davė",V
"dažną",ADJ
"dažnai",ADV
"dažnam",ADJ
"dažniau",ADV
"de",-
"degančia",V
"degančios",V
"degtų",V
"deiviškos",ADJ
"deivyste",NA
"deivystė",NA
"deivystę",NA
"deja",NA
"dėką",NA
"dėkavodamas",V
"dėkavodami",V
"dėkavojimas",NA
"dėkavojo",V
"dėkavoju",V
"dėl",AP
"derančiuose",V
"derąs",V
"dera",V
"derą",V
"desetinas",NA
"dešimtą",ADJO
"dešimtį",CARD
"dešimties",CARD
"dešimtims",CARD
"dešimtis",CARD
"dešimtyje",CARD
"dešinės",ADJ
"dešinės",NA
"dešino",ADJ
"destis",V
"devintą",ADJO
"devintame",ADJO
"devyni",CARD
"dide",ADJ
"didę",ADJ
"didei",ADJ
"didėmis",ADJ
"didės",ADJ
"didėse",ADJ
"didėsės?didesnės?",NA
"didesne",ADJ
"didesnėspi",ADJ
"didesnio",ADJ
"didesnis",ADJ
"didesniu",ADJ
"didį",ADJ
"didis",ADJ
"didumas",NA
"didumo",NA
"didžiais",ADJ
"didžiąja",ADJ
"didžiau",ADV
"didžiausia",ADJ
"didžiausi",ADJ
"didžiausias",ADJ
"didžiausiomis",ADJ
"didžiausius",ADJ
"didžiavimas",NA
"didžiavimų",NA
"didžio",ADJ
"didžiojo",ADJ
"didžiu",ADJ
"didžių",ADJ
"didžiųjų",ADJ
"didžiumpi",ADJ
"didžture",ADJ
"diedai",NA
"diena",NA
"dieną",NA
"dienas",NA
"dienoje",NA
"dienomis",NA
"dienose",NA
"dienos",NA
"dienų",NA
"Dievai",NT
"Dievą",NT
"Dievas",NT
"Dieve",NT
"Dieviepi",NT
"dievmeilumo",NA
"Dievo",NT
"Dievopi",NT
"Dievui",NT
"Dievu",NT
"Dievų",NT
"dievystėje",NA
"Dievystės",NT
"dirbdami",V
"dirbti",V
"dirva",NA
"dirželį",NA
"do",PTK
"dosniai",ADV
"dosnumo",NA
"dovanai",NA
"dovana",NA
"dovanas",NA
"dovanomis",NA
"dovanos",NA
"dovanoti",V
"dovanų",NA
"Dovydas",NT
"Dovydų",NT
"drąsiai",ADV
"drąsumu",NA
"drąsybę",NA
"draudžia",V
"draugą",NA
"drauge",ADV
"draugės",NA
"drauskit",V
"dreba",V
"dręsu",V
"drin",AP
"drįsau",V
"drįsiu",V
"drįso",V
"drugeliais",NA
"drūtybę",NA
"Dt,Įst",-
"du",CARD
"duksėjimą",NA
"duksėjimas",NA
"duksėjimo",NA
"duksėjimu",NA
"duksėtis",V
"duksiesi",V
"dukte",NA
"dūma",NA
"dūmodamas",V
"dūmojimo",NA
"dūmojimu",NA
"dūmojimų",NA
"duodamas",V
"duodiesi",V
"duodi",V
"duok",V
"duomies",V
"duomi",V
"duona",NA
"duoną",NA
"duonos",NA
"duosis",V
"duosiu",V
"duosi",V
"duosna",ADJ
"duostisi",V
"duosti",V
"duost",V
"duotąsias",V
"duota",V
"duotieji",V
"duotis",V
"duoti",V
"duotų",V
"dūsaujame",V
"dūsauju",V
"dūšiai",NA
"dūšia",NA
"dūšią",NA
"dūšias",NA
"dūšiomis",NA
"dūšios",NA
"dūšiospi",NA
"dvasiai",NA
"dvasia",NA
"dvasią",NA
"dvasioje",NA
"dvasios",NA
"dvasiška",ADJ
"dvasiškas",ADJ
"dvasiško",ADJ
"dvasiškos",ADJ
"dvasių",NA
"dvejete",CARD
"dvi",CARD
"dviejų",CARD
"dvylika",CARD
"džiaugsmas",NA
"ėdesiu",NA
"ėdesių",NA
"ėdesyje",NA
"eidamas",V
"eidavo",V
"eik",V
"eile",NA
"eimi",V
"eiškiai",ADV
"eis",V
"eiti",V
"eitų",V
"eketę",NA
"elgdamas",V
"elgetą",NA
"elgtis",V
"Elžbietos",NT
"Elžbietospi",NT
"ėmęs",V
"ėmimas",NA
"ėmimo",NA
"erezijos",NA
"erškėčių",NA
"esančiai",V
"esančia",V
"esančią",V
"esančios",V
"esančių",V
"esantiji",V
"esanti",V
"esant",V
"esąs",V
"esate",V
"esi",V
"esi",VA
"esme,esame",V
"esme,esame",VA
"esmi",V
"este",VA
"esti",V
"esti",VA
"esu",VA
"esybėje",NA
"etc",-
"etc.",-
"evangelijos",NA
"Ez",-
"falšyvas",ADJ
"falšyvo",ADJ
"figūra",NA
"figūromis",NA
"Gabriolas",NT
"gailėdamas",V
"gailėjimą",NA
"gailėjimas",NA
"gailėjimo",NA
"gailėjimopi",NA
"gailėkis",V
"gaišintų",V
"gaištantį",V
"galą",NA
"galėčiau",V
"galėjau",V
"galėjo",V
"galėsiu",V
"galėsi",V
"galėtumbime,galėtumėme",V
"galėtų",V
"galinčio",V
"galintį",V
"galįs",V
"galiu",V
"gali",V
"galo",NA
"galopi",NA
"galva",NA
"galvokarto",NA
"galvos",NA
"galybe",NA
"galybė",NA
"galybes",NA
"galybės",NA
"gaminti",V
"gamtas",NA
"gamtomis",NA
"gamtose",NA
"gamtos",NA
"gamtumpi",NA
"gamtų",NA
"gana",ADV
"gandžiau",ADV
"garba",NA
"garbą",NA
"garbė",NA
"garbę",NA
"garbės",NA
"garbesnis",ADJ
"garbėspi",NA
"garbiname",V
"garbinasi",V
"garbiną",V
"garbindami",V
"garbinimu",NA
"garbintas",V
"garbinti",V
"garbintumbime,garbintumėme",V
"garbintų",V
"garbinu",V
"garstyčios",NA
"gausų",ADJ
"gauti",V
"gėdiškų",ADJ
"gedulingi",ADJ
"geiduliais",NA
"geiduliams",NA
"geidulių",NA
"geidžiame",V
"geidžiami",V
"geidžia",V
"geidžiu",V
"geisdamas",V
"geisdami",V
"geisk",V
"geisti",V
"gelbėtojas",NA
"gelbėtų",V
"gelbi",V
"gemame",V
"gema",V
"genties",NA
"gentimi",NA
"gentį",NA
"gera",ADJ
"gerą",ADJ
"geradariams",NA
"geradarymą",NA
"geradarymumpi",NA
"geradarymus",NA
"gerai",ADV
"geranorį",ADJ
"geras",ADJ
"gerbdami",V
"gerbė",V
"gerbiu",V
"gerbk",V
"gerdami",V
"gėrėčiausi",V
"geresnė",ADJ
"geresnį",ADJ
"geresnio",ADJ
"geresniopi",ADJ
"gėrėtųsi",V
"geri",ADJ
"geriau",ADV
"geriausia",ADJ
"geriausių",ADJ
"geria",V
"gerieji",ADJ
"gėrimas",NA
"gėrime",NA
"gėrių",NA
"gero",ADJ
"gerodarymų",NA
"gerodarymus",NA
"geroje",ADJ
"gero",NA
"geropi",ADJ
"geros",ADJ
"gerospi",ADJ
"gerti",V
"geru",ADJ
"gerų",ADJ
"gerųjų",ADJ
"gerumpi",ADJ
"geruose",ADJ
"gerus",ADJ
"gerybei",NA
"gerybėje",NA
"gerybe",NA
"gerybė",NA
"gerybę",NA
"gerybes",NA
"gerybės",NA
"gėrybes",NA
"gerybių",NA
"giedoti",V
"giesmių",NA
"giltinės",NA
"gimdyme",NA
"gimdytojams",NA
"gimdytojų",NA
"gimdyve",NA
"gimdyvė",NA
"gimė",V
"giminių",NA
"gi",PTK
"girdėdamas",V
"girdėdami",V
"girdėjimas",NA
"giriame",V
"glapsto",V
"godas",NA
"gomurio",NA
"grabas",NA
"grabu",NA
"graudinimo",NA
"graudinti",V
"graudumą",NA
"graudume",NA
"graudumo",NA
"graudžia",ADJ
"graudžiai",ADV
"grausmėje",NA
"grausme",NA
"gražiais",ADJ
"gražiąja",ADJ
"gražų",ADJ
"gražumas",NA
"gražus",ADJ
"gražūs",ADJ
"greičiau",ADV
"grėsė",V
"griešnas",ADJ
"grįžti",V
"grūdelis",NA
"grynam",ADJ
"grynieji",ADJ
"grynospi",ADJ
"grynųjų",ADJ
"grynumo",NA
"grynus",ADJ
"guldami",V
"guliu",V
"gultų",V
"gundytas",V
"gu",PTK
"gydytojau",NA
"gydytojo",NA
"gyvą",ADJ
"gyvas",ADJ
"gyvata",NA
"gyvatą",NA
"gyvates",NA
"gyvatoje",NA
"gyvatos",NA
"gyvatospi",NA
"gyvena",V
"gyvenčiau",V
"gyvendamas",V
"gyvenimopi",NA
"gyvenimu",NA
"gyveni",V
"gyveno",V
"gyventi",V
"gyventumbei,gyventumei",V
"gyventų",V
"gyvenu",V
"gyvi",ADJ
"gyviems",ADJ
"gyvį",NA
"gyvų",ADJ
"gyvus",ADJ
"į",AP
"idant",KO
"įeidami",V
"įeik",V
"įeisite",V
"įeiti",V
"įėjai",V
"įėjo",V
"ieškau",V
"ieškosiu",V
"Ievos",NT
"įgijimo",NA
"įgis",V
"įgraudename",V
"įgraudinimas",NA
"įgydamas",V
"įgyjame",V
"įgyja",V
"įgyti",V
"įgytumbime,įgytumėme",V
"įgytumbime",V
"įgytų",V
"įjudintas",V
"įkaitink",V
"įkaitintumbei,įkaitintumei",V
"ik",AP
"i",KO
"įkūninimo",NA
"įkvėpimo",NA
"ilgai",ADV
"ilglūkėjimas",NA
"įlinksmink",V
"įmankštinti",V
"ima",V
"imčiau",V
"imdami",V
"įmetinėjo",V
"imsi",V
"imti",V
"imtų",V
"in",AP
"indievai",ADV
"įpuldinėja",V
"įpulti",V
"įpultumbime,įpultumėme",V
"įpuola",V
"įpuolėme",V
"įpuoliau",V
"ir",ADV
"ir",KO
"įsako",V
"įsakyti",V
"išalkusį",V
"iš",AP
"išbylomą",V
"išbylomoji",V
"išbylomosios",V
"išbylomospi",V
"įsčią",NA
"įsčioje",NA
"įsčios",NA
"įsčių",NA
"išdžiūvusiu",V
"išeidami",V
"išeidavo",V
"išeik",V
"išeiti",V
"išeitų",V
"išėmus",V
"įsenėjusius",V
"išganymą",NA
"išganymas",NA
"išganyme",NA
"išganymo",NA
"išganymu",NA
"išganytas",V
"išganyta",V
"išganytojas",NA
"išganytojau",NA
"išganytoje",NA
"išganytojį",NA
"išganytojo",NA
"išganytoju",NA
"išganytu",V
"išgelbėjai",V
"išgelbėje",NA
"išgelbėjimas",NA
"išgelbėjo",V
"išgelbėtojas",NA
"išgelbėtojui",NA
"išgelbėtumbei,išgelbėtumei",V
"išgelbėtų",V
"išgi",AP
"išgirsti",V
"išgražinti",V
"išguldymas",NA
"išguldytas",V
"išguldyti",V
"išguldžiasi",V
"išgydei",V
"išgydydavo",V
"išgydymo",NA
"išgydyti",V
"išgydytumbei,išgydytumei",V
"išgydžiau",V
"įsigeria",V
"išimti",V
"įsišaknija",V
"įsistoti",V
"iškados",NA
"iškaktumbite,iškaktumėte",V
"iškaktų",V
"iškalbamą",V
"iškalbėtoje",V
"iškalbėtumpi",V
"iškėlei",V
"iškelk",V
"įšlėkimo",NA
"išliečijimo",NA
"išliejęs",V
"išliuosuok",V
"išlojoti",V
"išmanai",V
"išmanau",V
"išmaną",V
"išmanosi",V
"išmano",V
"išmanys",V
"išmanytis",V
"išmanytų",V
"išmestuojamą",V
"išmestuojamosios",V
"išmestuotas",V
"išmieruojamą",V
"išminties",NA
"išmintį",NA
"išmintingai",ADV
"išmintingas",ADJ
"išmintingumpi",ADJ
"išmintis",NA
"išmintyje",NA
"išmokė",V
"išmokyti",V
"išmokytų",V
"išnaikinimu",NA
"išpažinimą",NA
"išpažinimas",NA
"išpažinimo",NA
"išpažinimopi",NA
"išpažinsi",V
"išpažins",V
"išpažinti",V
"išpažįsta",V
"išpažįstu",V
"įspėti",V
"išpildymo",NA
"išpildysime",V
"išpildyti",V
"išplūdo",V
"išreiškimo",NA
"išrinktieji",NA
"išrinktiems",V
"išrinktųjų",NA
"išrištų",V
"išrovimu",NA
"išsakęs",V
"išsakyčiau",V
"išsaugosime",V
"išsaugoti",V
"iššauktą",V
"išsibylojai",V
"išsiguldyti",V
"išsiilgtumbime,išsiilgtumėme",V
"išsimano",V
"išsimanyti",V
"išsimokėjusios",V
"išsipažinimo",NA
"išsipažinti",V
"išsipažįsta",V
"išsipildytų",V
"išskirstysime",V
"išspaustas",V
"ištarei",V
"įstatei",V
"įstatė",V
"įstatytas",V
"ištiesti",V
"ištiestumbei,ištiestumei",V
"ištikėjimą",NA
"ištikimą",ADJ
"ištikimąja",ADJ
"ištikimasis",ADJ
"ištikimo",NA
"ištikimųjų",ADJ
"ištisai",ADV
"ištisas",ADJ
"įstojimo",NA
"ištrauktas",V
"ištrauktų",V
"ištrėmimui?",NA
"ištremtą",V
"išvaduoti",V
"išvaistėjimo",NA
"išvaistėjimui",NA
"išvaistymo",NA
"išvaros",NA
"išvartoja",V
"išvedė",V
"išveržei",V
"išvydau",V
"išvysti",V
"įtaisymo",NA
"įtaisymopi",NA
"įteikti",V
"įvadinėti",V
"įvaisymo",NA
"įvedimas",NA
"įžagtos",V
"Izaijo",NT
"įžengei",V
"įžengė",V
"ižga",***
"ižgi",AP
"įžūlumas",NA
"įžūlumų",NA
"įžūlumus",NA
"jai",PPER
"jais",PPER
"jampi",PPER
"jam",PPER
"ją",PPER
"jas",PPER
"jau",ADV
"jaučio",NA
"jaunikį",NA
"jaunoms",ADJ
"jaunos",ADJ
"jaunumo",NA
"jaunystė",NA
"jaunystės",NA
"jau",PTK
"jaustų",V
"jeig",KO
"jeigu",KO
"jei",KO
"Jer",-
"Jeremijošių",NT
"Jesu",-
"Jėzau",NT
"Jėzaus",NT
"Jėzui",NT
"Jėzų",NT
"Jėzupi",NT
"Jėzus",NT
"jiems",PPER
"jie",PPER
"ji",PPER
"jį",PPER
"jisai",PPER
"jis",PPER
"Jn",-
"joan",-
"jog",KO
"joje",PPER
"jokio",PI
"jokios",PI
"Jokūbą",NT
"Jonas",NT
"Jonatos",NT
"jopi",PPER
"jo",PPE
"jo",PPER
"jose",PPER
"jospi",PPER
"jos",PPER
"jumpi",PPER
"jums",PPER
"juodumą",NA
"juo",PPER
"juose",PPER
"juos",PPER
"jų",PPER
"jus",PPER
"jūs",PPER
"jūsų",PPER
"k.",-
"kabančiam",V
"kačeiba",KO
"kačeib",KO
"kačieb",KO
"kada",ADV
"kadangi",ADV
"kadangi",KO
"kad",KO
"kad",PTK
"kaimynai",NA
"kaimynus",NA
"kaip",ADV
"kaipag",ADV
"kaip",KO
"kaipo",ADV
"kaipog",ADV
"kaipog",PTK
"kaip",PTK
"kairės",ADJ
"kairo",ADJ
"kaktą",NA
"kaktos",NA
"kalaciospi",NA
"kalbame",V
"kalba",NA
"kalbąs",V
"kalbėdamas",V
"kalbėdami",V
"kalbėjimas",NA
"kalbėjo",V
"kalbėk",V
"kalbėti",V
"kalbėtų",V
"kalbi",V
"kalbu",V
"kalinį",NA
"kalno",NA
"kaltą",ADJ
"kaltais",ADJ
"kaltas",ADJ
"kaltes",NA
"kalti",ADJ
"kaltiems",ADJ
"kaltos",ADJ
"kaltu",ADJ
"kaltų",ADJ
"kam",ADV
"kame",ADV
"kame",PK
"kam",PK
"kamug",ADV
"kančia",NA
"kančią",NA
"kančias",NA
"kančios",NA
"kančiosna",NA
"kančių",NA
"kanoniką",NA
"kantriai",ADV
"kantrumą",NA
"kantrumo",NA
"kantrus",ADJ
"kantrybė",NA
"kantrybės",NA
"ką",PK
"karaliauja",V
"karaliauji",V
"karaliau",NA
"karaliaus",V
"karaliauti",V
"karaliautų",V
"karaliui",NA
"karalių",NA
"karalius",NA
"karaliūs",NA
"karalybės",NA
"karalyčia",NA
"karalystėms",NA
"karalystė",NA
"karalystę",NA
"karalystėn",NA
"karalystės",NA
"karančiam",V
"karėje",NA
"kariais",NA
"Kar,Rg",-
"karšta",ADJ
"karštai",ADV
"kartais",ADV
"kartą",NA
"karto",NA
"kartų",ADJ
"kartumą",NA
"kartu",NA
"kartų",NA
"kartus",NA
"karūna",NA
"karūnavojimas",NA
"kas",PK
"katekizmas",NA
"katekizmėliu",NA
"kaukolės",NA
"kaukus",NA
"keldamas",V
"keldamiesi",V
"keleriopi",ADJ
"kėlėsi",V
"kelią",NA
"keliantis",V
"keliauja",V
"keliavime",NA
"kėlimą",NA
"kėlimas",NA
"kėlimo",NA
"kėlimui",NA
"kelio",NA
"kelsis",V
"kenčia",V
"kenčiu",V
"kentė",V
"keršto",NA
"kęsdamas",V
"kęsiu",V
"kęsti",V
"ketindamas",V
"ketinimą",NA
"keturi",CARD
"keturioms",CARD
"keturios",CARD
"keturių",CARD
"ketveriopi",ADJ
"ketvirta",ADJO
"ketvirtą",ADJO
"ketvirtas",ADJO
"ketvirti",ADJO
"ketvirtoje",ADJO
"kiek",ADV
"kiekdienos",NA
"kiekviename",PI
"kiekvienam",PI
"kiekvienas",PI
"kiekvienoje",PI
"kiekvienos",PI
"kielike",NA
"kieno",PK
"kitad",ADV
"kitaip",ADV
"kitais",PI
"kitam",PI
"kita",PI
"kitą",PI
"kitas",PI
"kitiems",PI
"kiti",PI
"kitomis",PI
"kito",PI
"kitos",PI
"kituose",PI
"kitų",PI
"kitus",PI
"kiželę",NA
"klausiau",V
"klauso",V
"klausydami",V
"klausysi",V
"klausyti",V
"kloniojuosi",V
"klonyje",NA
"knygas",NA
"knygelių",NA
"knygų",NA
"kodrin",ADV
"kodrinag",ADV
"kogi",ADV
"kokiame",PI
"kokia",PI
"kokią",PI
"kokias",PI
"kokiems",PI
"kokie",PI
"kokio",PI
"kokios",PI
"kokį",PI
"kokiu",PI
"koksai",PI
"koks",PI
"kolei",ADV
"ko",PK
"krašto",NA
"kraują",NA
"kraujas",NA
"kraujo",NA
"krauju",NA
"krauplūdį",NA
"kredą",NA
"kredo",-
"kredoje",NA
"kredos",NA
"kreivumas",NA
"kreivumus",NA
"krėslo",NA
"kriesą",NA
"krikščionies",NA
"krikščionimi",NA
"krikščionišką",ADJ
"krikščioniškas",ADJ
"krikščioniško",ADJ
"krikščioniškop",ADJ
"krikščioniškopi",ADJ
"krikščioniškos",ADJ
"krikščioniškų",ADJ
"krikščionis",NA
"krikščioniui",NA
"krikščionių",NA
"krikščionys",NA
"krikštas",NA
"krikštijo",V
"krikšto",NA
"krikštytojas",NA
"Kristau",NT
"Kristaus",NT
"Kristui",NT
"Kristų",NT
"Kristupi",NT
"Kristus",NT
"krivdas",NA
"Krizostomas",NT
"kruviną",ADJ
"kryžiaus",NA
"kryžiumi",NA
"kūną",NA
"kūnas",NA
"kūne",NA
"kunigai",NA
"kunigams",NA
"kunigas",NA
"kunigiško",ADJ
"kunigo",NA
"kunigui",NA
"kunigų",NA
"kunigystė",NA
"kunigystės",NA
"kūniškos",ADJ
"kūno",NA
"kūnu",NA
"kūnų",NA
"kuopė",V
"kuo",PK
"kuopoje",NA
"kuo",PTK
"kuorai",NA
"kuorų",NA
"kur",ADV
"kuriais",PK
"kuriame",PK
"kuriam",PK
"kuria",PK
"kurią",PK
"kurias",PK
"kurie",PK
"kuriji",PK
"kurioje",PK
"kuriomis",PK
"kurion",PK
"kuriopi",PK
"kurio",PK
"kuriose",PK
"kurios",PK
"kuri",PK
"kurį",PK
"kurisai",PK
"kuris",PK
"kuriuo",PK
"kuriuos",PK
"kurių",PK
"kurtiniai",NA
"labai",ADJ
"labai",ADV
"labiau",ADV
"labiausiai",ADV
"laikosi",V
"laikytis",V
"laikyti",V
"laimi",ADJ
"laimiai",ADV
"laiminti",V
"laimioji",ADJ
"laistymas",NA
"laizdančios",V
"lašelį",NA
"latras",NA
"latrui",NA
"laukdami",V
"laukiančios",V
"Ledesmą",NT
"lenkiško",ADJ
"lepinti",V
"lepra",NA
"lepumas",NA
"lepumu",NA
"liaupsei",NA
"liaupse",NA
"liaupsė",NA
"liaupsę",NA
"liaupsėse",NA
"liaupsės",NA
"liaupsėspi",NA
"liaupsindami",V
"liaupsinime",NA
"liaupsinkite",V
"liaupsink",V
"liaupsinti",V
"liaupsintumbime,liaupsintumėme",V
"liečia",V
"lieja",V
"liekarstvą",NA
"liekoriaus",NA
"liekti",V
"liepdami",V
"liepė",V
"liepia",V
"liepti",V
"lieptų",V
"lietus",NA
"lietuvišką",ADJ
"lietuviško",ADJ
"liežuvio",NA
"liežuviu",NA
"liga",NA
"ligą",NA
"ligas",NA
"ligonį",NA
"ligonis",NA
"ligon",NA
"ligonys",NA
"ligos",NA
"ligotas",ADJ
"liktis",V
"linksmas",ADJ
"linksmieji",ADJ
"linksmintis",V
"linksmybe",NA
"linksmybė",NA
"linksmybėspi",NA
"liudija",V
"liudijimo",NA
"liudimo",NA
"lobio",NA
"lucc.",-
"Lukas",NT
"luomą",NA
"luošas",ADJ
"lygus",ADJ
"lygūs",ADJ
"lytėjimas",NA
"m",***
"m",-
"m.",-
"Magdaleną",NT
"Magdalenos",NT
"majestetu",NA
"majestotą",NA
"majestoto",NA
"majestotui",NA
"majestotu",NA
"malda",NA
"maldą",NA
"maldas",NA
"maldoje",NA
"maldomis",NA
"maldoms",NA
"maldose",NA
"maldos",NA
"maldumpi",NA
"malonaus",ADJ
"malonei",NA
"malonėje",NA
"malone",NA
"malonė",NA
"malonę",NA
"malonės",NA
"maloniai",ADV
"maloniausias",ADJ
"maloniausiasis",ADJ
"maloniausio",ADJ
"maloningam",ADJ
"maloniu",ADJ
"malonu",ADJ
"malonų",ADJ
"malonus",ADJ
"malonusis",ADJ
"malonybė",NA
"malonyji,malonioji",ADJ
"manai",PPER
"manais",PPER
"manam",PPER
"mana",PPER
"maną",PPER
"manas",PPER
"mandagus",ADJ
"mane",PPER
"manęspi",PPER
"manęs",PPER
"manęsp",PPER
"maniems",PPER
"manimi",PPER
"manimpi",PPER
"manipi",PPER
"manoji",PPER
"manoms",PPER
"mano",PPER
"manose",PPER
"manos",PPER
"man",PPER
"manu",PPER
"manų",PPER
"manus",PPER
"Marijai",NT
"Marijaipi",NT
"Marija",NT
"Mariją",NT
"Marijos",NT
"Marijų",NT
"marinančias",V
"marinančia",V
"marinančiomis",V
"marinančiospi",V
"marinančios",V
"marinantiji",V
"marina",V
"marintų",V
"marr.",-
"mąstau",V
"mąstyti",V
"matt.",-
"maža",ADJ
"mažą",ADJ
"mažas",ADJ
"mažesnį",ADJ
"mazgotų",V
"mažiau",ADV
"mažiausią",ADJ
"mažiausiais",ADJ
"mažinteliai",ADJ
"mažos",ADJ
"medeines",NA
"medžią",NA
"medžio",NA
"medžius",NA
"meilaširdingi",ADJ
"meilaširdumą",NA
"meilėje",NA
"meile",NA
"meilė",NA
"meilę",NA
"meilės",NA
"meilingą",ADJ
"meilingais",ADJ
"meilingas",ADJ
"meilingu",ADJ
"meilingumu",NA
"meiliu",ADJ
"meilų",ADJ
"meilyji,meilioji",ADJ
"meldė",V
"meldiesi",V
"meldi",V
"meldžiame",V
"meldžiantis",V
"meldžiuosi",V
"meldžiu",V
"melsdamiesi",V
"melskis",V
"melstis",V
"melsti",V
"melstumbime,melstumėme",V
"melstumbimės,melstumėmės",V
"mename",V
"mergai",NA
"mergaipi",NA
"merga",NA
"mergą",NA
"mergos",NA
"mergystės",NA
"Mesijas",NT
"mes",PPER
"metais",NA
"metą",NA
"metui",NA
"metu",NA
"metų",NA
"metuose",NA
"metus",NA
"miege",NA
"mielai",ADV
"mielais",ADJ
"mielas",ADJ
"mieląsias",ADJ
"mielaširdingai",ADV
"mielaširdingas",ADJ
"mielaširdingoje",ADJ
"mielaširdingus",ADJ
"mielaširdumą",NA
"mielaširdumo",NA
"mielaširdystę",NA
"mielaširdystes",NA
"mielaširdystės",NA
"mielaširdystėspi",NA
"mieliau",ADV
"mieliausią",ADJ
"mieliausias",ADJ
"mieliausio",ADJ
"mielieji",ADJ
"mieliems",ADJ
"mielo",ADJ
"miernybė",NA
"Mikalojų",NT
"milites",-
"minėdamas",V
"minėdami",V
"minėjimas",NA
"minėti",V
"minėtumbime",V
"minia",NA
"minime",V
"mi",PTK
"mirą",NA
"mirdamas",V
"mirimą",NA
"mirimo",NA
"mirštamos",ADJ
"mirštančiame",V
"mirštu",V
"mirties",NA
"mirtį",NA
"mirtis",NA
"mirti",V
"mirtų",V
"mirusiems",V
"mirusius",V
"mirusių",V
"mišei",NA
"mišia",NA
"mišios",NA
"mistrai",NA
"mistras",NA
"mizernu",ADJ
"mizernų",ADJ
"Mk",-
"mo",***
"mo",-
"mo.",-
"mokėjo",V
"mokė",V
"mokia",V
"mokslą",NA
"mokslas",NA
"mokslo",NA
"mokslopi",NA
"mokydamas",V
"mokytinis",NA
"mokytis",V
"mokyti",V
"mokytojai",NA
"mo",NA
"motė",NA
"moterį",NA
"moters",NA
"moterų",NA
"moterystė",NA
"moterystės",NA
"motina",NA
"motiną",NA
"motinos",NA
"Mt",-
"mudrus",ADJ
"muitininką",NA
"mumis",PPER
"mums",PPER
"murinui",NA
"murmėdami",V
"muša",V
"mus",PPER
"mūsumpi",PPER
"mūsų",PPER
"mylėčiau",V
"mylėdamas",V
"mylėdami",V
"mylėjimą",NA
"mylėjimu",NA
"mylėjo",V
"mylėk",V
"mylėtis",V
"mylėti",V
"mylėtojau",NA
"mylėtų",V
"mylimu",V
"myli",V
"myluoja",V
"n.",-
"nakties",NA
"naktį",NA
"naktis",NA
"naktys",NA
"namų",NA
"namuosna",NA
"namus",NA
"nartinti",V
"nasrais",NA
"nasrų",NA
"naudą",NA
"naudingai",ADV
"naudingi",ADJ
"naudos",NA
"naujai",ADV
"naujame",ADJ
"neapilstų",V
"neapslėpęs",V
"neatbojančiu",V
"neatbojime",NA
"neatbojimo",NA
"neatbojimus",NA
"neatitremi",V
"neatmainoma",V
"neatmesdamas",V
"neatmesk",V
"nedavei",V
"nedėlios",NA
"nederančiam",V
"nederančiu",V
"nederąs",V
"nedera",V
"negalėjo",V
"negalę",NA
"negalįs",V
"negaliu",V
"negali",V
"negeidė",V
"neg",KO
"nei",KO
"nei",PTK
"neišbylomos",V
"neisiu",V
"neišsikalbėjai",V
"nekadai",ADV
"nekaip",KO
"nekaltybe",NA
"ne",KO
"nekurie",PINEG
"nekurios",PI
"nelaimių",ADJ
"nemeldė",V
"nemokantį",V
"nenoriu",V
"nenusidėk",V
"nepabengiamospi",V
"nepaklusnų",ADJ
"nepriderą",V
"neprietelius",NA
"neprieteliūs",NA
"neprileisti",V
"nepristoktų",V
"nepritekimus",NA
"ne",PTK
"nė",PTK
"nėra",V
"neregime",V
"neregimų",V
"nertėk",V
"nertėti",V
"nesa",KO
"nesiekti",V
"nesilaikė",V
"nešimas",NA
"nešioja",V
"nešioti",V
"nes",KO
"nesuskaitomus",V
"neteisaus",ADJ
"netiesą",NA
"net",PTK
"nevalgysi",V
"nevalnykais",NA
"neveizdėk",V
"nevertą",ADJ
"nevertas",ADJ
"nevertesnis",ADJ
"neverti",ADJ
"nevertybę",NA
"neviežlyvumų",NA
"nežinomų",V
"niekada",ADV
"niekad",ADV
"niekam",PI
"niekaniekė",NA
"niekaniekiumpi",NA
"niekaniekių",NA
"niekan",NA
"niekas",PI
"nieko",NA
"nieko",PI
"niekybę",NA
"nimo",***
"nobažnai",ADV
"nobažnas",ADJ
"nobažnos",ADJ
"nobažnumas",NA
"nobažnumu",NA
"nobažnystėje",NA
"nobažnystėspi",NA
"norą",NA
"noras",NA
"norėčiau",V
"norėdamas",V
"norėjai",V
"norėjau",V
"norėjo",V
"norėk",V
"norėti",V
"norėtumbime,norėtumėme",V
"norėtųsi",V
"norime",V
"noringesnis",ADJ
"norintig",KO
"norint",KO
"norint",PTK
"noriu",V
"nori",V
"nor",PTK
"norui",NA
"noru",NA
"nū",ADV
"nubostumbime,nubostumėme",V
"nudalijimo",NA
"nugabentų",V
"nugrynęs",V
"nugrynusiu",V
"nukelti",V
"nukęsti",V
"nukryžiavojimas",NA
"nukryžiavotas",V
"nuleisk",V
"nuleista",V
"nulenkdami",V
"nulenkti",V
"nuliūdusį",V
"numanomas",V
"numarina",V
"numarinimo",NA
"numazgotų",V
"numinėjimo",NA
"numirei",V
"numiręs",V
"numirė",V
"numirę",V
"numirime",NA
"numiršta",V
"numirti",V
"numirtumbime,numirtumėme",V
"numirusių",V
"numirusį",V
"numylėjimo",NA
"nuo",AP
"nuodėmėje",NA
"nuodėmėmis",NA
"nuodėmė",NA
"nuodėmę",NA
"nuodėmėse",NA
"nuodėmes",NA
"nuodėmės",NA
"nuodėmėsna",NA
"nuodėmėspi",NA
"nuodėmėtas",ADJ
"nuodėmėtų",ADJ
"nuodėmiumpi",NA
"nuodėmių",NA
"nuodija",V
"nuodus",NA
"nuogą",ADJ
"nuogu",ADJ
"nuomaniomis",NA
"nuomonia",NA
"nuomonių",NA
"nuopelnais",NA
"nuopelnams",NA
"nuopelną",NA
"nuopelnų",NA
"nuopelnus",NA
"nuoširdžiai",ADV
"nupelno",V
"nupelnyčiau",V
"nupelnymo",NA
"nuplatinimo",NA
"nuplatusi",V
"nuplauk",V
"nuprausti",V
"nupraustų",V
"nupuolė",V
"nuraminimas",NA
"nusidėjau",V
"nusidėjęsis",V
"nusidėjęs",V
"nusidėjimas",NA
"nusidėjimo",NA
"nusidėjimų",NA
"nusidėjimus",NA
"nusidėjo",V
"nusidėjusiais",V
"nusidėjusiam",V
"nusidėjusios",V
"nusidėjusio",V
"nusidėjusius",V
"nusidėjusių",V
"nusidėjusį",V
"nusidėsime",V
"nusidesti",V
"nusidėti",V
"nusiminimas",NA
"nusimirčiau",V
"nusižeminimo",NA
"nusižeminimu",NA
"nuteisintą",V
"nuteisinti",V
"nuvargę",V
"nuvengti",V
"nuvesti",V
"nužeminimu",NA
"nužemintai",ADV
"nužeminta",V
"nužengė",V
"nužengti",V
"Obededomo",NT
"ofierą",NA
"o",ITJ
"o",KO
"o",PTK
"ostijoje",NA
"pabaigęs",V
"pabangai",NA
"pabanga",NA
"pabangos",NA
"pabengtinai",ADV
"pačiam",PD
"pačius",PD
"padaras",NA
"padarei",V
"padaręs",V
"padarė",V
"padariau",V
"padariusios",V
"padaro",NA
"padaryčiau",V
"padarymą",NA
"padarymo",NA
"padarytas",V
"padaryti",V
"padarytų",V
"padaugsinimu",NA
"padavinėjo",V
"padeivintas",V
"padeivinti",V
"padeivintomis",V
"padeivintospi",V
"padeivintų",V
"padėjėjo",NA
"padėjęs",V
"padėjimo",NA
"padėjimu",NA
"padėk",V
"padergsi",V
"padesti",V
"padėtas",V
"padėti",V
"padrūtinai",V
"padrūtinimas",NA
"padrūtinimo",NA
"padrūtink",V
"padrūtino",V
"paduksie",NA
"paduksį",NA
"paduksio",NA
"paduksis",NA
"paduksiu",NA
"padūmojimu",NA
"padūmotumbei,padūmotumei",V
"paduok",V
"paduomi",V
"paduotų",V
"padvariją",NA
"pagal",AP
"pagalba",NA
"pagalbą",NA
"pagalbos",NA
"pagalei",AP
"pagalei",PTK
"pagarbinti",V
"pagarbinto",V
"pagautos",V
"pageidimas",NA
"pagelbėk",V
"pagerbimas",NA
"pagerbime",NA
"pagerbimo",NA
"pagerbimu",NA
"pagerbti",V
"pagerbtumbime,pagerbtumėme",V
"pagimdė",V
"pagimdymą",NA
"pagimdymo",NA
"pagimdyti",V
"pagirdyti",V
"pagirtaipi",V
"pagirtąjį",V
"pagirtas",V
"pagirta",V
"pagirtiems",V
"pagirtos",V
"pagraudinimas",NA
"pagražinti",V
"pagręžti",V
"pagrįžti",V
"pagundas",NA
"pagundos",NA
"pagundų",NA
"pagundymą",NA
"pagundymo",NA
"pagundymus",NA
"pagynėjimą",NA
"pailstų",V
"pajautimai",NA
"pajautimais",NA
"pajautimų",NA
"pajautinimus",NA
"pajudinimo",NA
"pajunkę",V
"pajunkimą",NA
"pajunkimo",NA
"pajunkinimuose",NA
"pakajų",NA
"pakajus",NA
"pakaks",V
"pakaktinai",ADV
"pakampes",NA
"pakanka",V
"pakastas",V
"pakėliau",V
"pakelti",V
"paketino",V
"paklodę",NA
"paklusnumo",NA
"paklusnūs",ADJ
"pakrutėjimo",NA
"pakūta",NA
"pakūtą",NA
"palaidotas",V
"palaidoti",V
"palaiką",NA
"palaiko",NA
"palaima",NA
"palaiminęs",V
"palaiminimai",NA
"palaiminimą",NA
"palaiminimas",NA
"palaiminimo",NA
"palaiminimu",NA
"palaiminta",V
"palaiminti",ADJ
"palaimintiems",ADJ
"palaimintos",ADJ
"palaimintospi",V
"palaimintumbei,palaimintumei",V
"palaimintu",V
"paleist",V
"palengvinimopi",NA
"palenk",V
"palinksminai",V
"palinksminimas",NA
"palinksminimo",NA
"palinksmintas",V
"palinksminti",V
"palytėčiau",V
"palytėjimas",NA
"palytėtas",V
"pamėgčiau",V
"paminėti",V
"paminėtų",V
"pamokslą",NA
"paniekinimą",NA
"papenėk",V
"papenėta",V
"papenėti",V
"papildai",V
"papildyta",V
"papildžiau",V
"papratę",V
"papročio",NA
"paragavimą",NA
"paraginimas",NA
"paralyžiumi",NA
"parašytas",V
"paraustas",V
"parodė",V
"parodyk",V
"parodymo",NA
"parodyti",V
"parodytų",V
"pasakėme",V
"pasakė",V
"pasakyti",V
"pašalpa",NA
"pašalpą",NA
"pašalpos",NA
"pasaulį",NA
"pasaulio",NA
"pasaulis",NA
"pasauliu",NA
"pasaulyje",NA
"pašelpti",V
"pasidaro",V
"pasidaryti",V
"pasidavęs",V
"pasiduodama",V
"pasiduodame",V
"pasigestumbei,pasigestumei",V
"pasikelia",V
"pasilaimins",V
"pasiliaujantis",V
"pasilikdama",V
"pasilikti",V
"pasilytėjusi",V
"pasilytėti",V
"pasilytėtų",V
"pasirgėdami",V
"pasirgėjimo",NA
"pasirodyti",V
"pasisakai",V
"pasisakymo",NA
"pasisakymopi",NA
"pasisakyti",V
"pasiskiriame",V
"pasitaisyti",V
"pasitekėjo",V
"pasitekėsiu",V
"pasitenka",V
"pasižeminimo",NA
"pasižindamas",V
"pasižino",V
"pasizopostijęs",V
"paskaitytu",V
"paskandinimą",NA
"paskandinimo",NA
"paskiriu",V
"paskirtus",V
"paskučiausieji",ADJ
"paskui",ADV
"paskui",AP
"paskujejais",ADJ
"paskutinio",ADJ
"paslaptėje",NA
"pasmėlę",V
"pasmerkimo",NA
"pasnykauti",V
"pasnykus",NA
"pasotina",V
"pasotinimas",NA
"pasotinimu",NA
"pasotinti",V
"pastarą",ADJ
"pastaram",ADJ
"pastaras",ADJ
"pastarieji",ADJ
"pastaro",ADJ
"pastaroji",ADJ
"pastatymo",NA
"pastiprinimas",NA
"pastiprinimo",NA
"pastiprink",V
"pastiprino",V
"pašvankinai",V
"pasveikinimą",NA
"pasveikinimas",NA
"pasveikinime",NA
"pasveikinimo",NA
"pasveikink",V
"pasveikinti",V
"pasveikintumbei,pasveikintumei",V
"pasveikintų",V
"pašventimą",NA
"pašventimų",NA
"pašvęstas",V
"pašvęsta",V
"pašvęsti",V
"pataikinai",V
"pataisyčiau",V
"pataisyme",NA
"pataisyti",V
"pataliepi",NA
"pateks",V
"patenku",V
"patepimas",NA
"patepimo",NA
"pateptinis",ADJ
"pateptos",V
"paterioja",V
"paties",PD
"patiespi",PD
"pati",PD
"patį",PD
"patogiai",ADV
"patogiu",ADJ
"patogumą",NA
"patogumo",NA
"patrauk",V
"patrėmimą",NA
"patremsi",V
"pats",PD
"patvėrę",V
"patvirtino",V
"patys",PD
"paukščiai",NA
"pauostymas",NA
"pauto",NA
"pavadinai",V
"pavadinimui",NA
"pavadinti",V
"pavargėlė",NA
"pavargėliai",NA
"pavargėlį",NA
"pavargėlis",NA
"pavargėliui",NA
"pavargęs",V
"pavartojau",V
"pavartojimu",NA
"paveikslas",NA
"paveikslo",NA
"paveikslu",NA
"paveikslų",NA
"paveikslus",NA
"paversti",V
"paveržimu",NA
"pavildo",V
"pavils",V
"pavirsta",V
"pavydas",NA
"pavydėdami",V
"pavyzdėti",V
"pavyzėk",V
"pažeidei",V
"pažeidimo",NA
"pažeidžiau",V
"pažeidžia",V
"pažeisdamas",V
"pažeisti",V
"pažeistų",V
"paženklina",V
"pažinčiau",V
"pažinios",ADJ
"pažink",V
"pažino",V
"pažintą",V
"pažintiespi",NA
"pažintis",NA
"pažinti",V
"pažintyje",NA
"pažįsta",V
"pažįsti",V
"pažįstu",V
"pazopostijai",V
"pazopostijimu",NA
"pažvilusiu",V
"pažygėjimo",NA
"pažymina",V
"pečio",NA
"peklą",NA
"peklas",NA
"peklos",NA
"pelikone",NA
"peną",NA
"penas",NA
"penėjimu",NA
"penkete",CARD
"penki",CARD
"penkiolika",CARD
"penkiose",CARD
"penkta",ADJO
"penktą",ADJO
"pepinti",V
"per",AP
"peregrinavoja",V
"peregrinavojime",NA
"pergabentų",V
"pergalėjimą",NA
"pergalėti",V
"pergalėtumbime,pergalėtumėme",V
"pergalėtų",V
"perguldytas",V
"perkūną",NA
"perleidžia",V
"perleisk",V
"perleistų",V
"permanymo",NA
"pernakvoti",V
"perrinkinėjime",NA
"persekiojimą",NA
"persemiamą",V
"persemiamosios",V
"perskirti",V
"persona",NA
"personas",NA
"personos",NA
"pertraukime",NA
"pertraukimu",NA
"peržegnojimas",NA
"peržegnok",V
"peteliškėmis",NA
"Petrą",NT
"Petrui",NT
"pigai",ADV
"pigesnis",ADJ
"pigiau",ADV
"pikčiausiam",ADJ
"pikta",ADJ
"piktą",ADJ
"piktai",ADV
"piktąja",ADJ
"piktame",ADJ
"piktas",ADJ
"piktasis",ADJ
"piktesnį",ADJ
"piktesnio",ADJ
"piktieji",ADJ
"pikto",ADJ
"piktojo",ADJ
"piktos",ADJ
"piktų",ADJ
"piktumo",NA
"piktumų",NA
"piktuose",ADJ
"piktybė",NA
"piktybėse",NA
"piktybes",NA
"piktybės",NA
"piktybių",NA
"pildymo",NA
"pildymopi",NA
"pilna",ADJ
"pilnai",ADV
"pilnesnis",ADJ
"pilnumu",NA
"pilnybėje",NA
"Pilotu",NT
"pirma",ADJO
"pirma",ADV
"pirm",ADV
"pirmąjį",ADJO
"pirm",AP
"pirmas",ADJO
"pirmgimė",ADJ
"pirmgimėje",ADJ
"pirmiausia",ADV
"pirmiausiai",ADV
"pirmieji",ADJO
"pirmo",ADJO
"pirmoje",ADJO
"pirmoji",ADJO
"pirmojo",ADJO
"pirmos",ADJO
"pirmųjų",ADJO
"pirštus",NA
"pirtyje",NA
"plačiau",ADV
"plakė",V
"plakimas",NA
"platintųsi",V
"plūdimą",NA
"plūsta",V
"po",AP
"pontiškiu",ADJ
"popiežius",NA
"poteriaus",NA
"poterių",NA
"poterius",NA
"prabangą",NA
"prabingęs",V
"prabingusiai",ADV
"prabylis",NA
"pradėjo",V
"pradėk",V
"pradės",V
"pradžia",NA
"pradžios",NA
"pragarą",NA
"pragaras",NA
"pragaro",NA
"pragaruosna",NA
"pragarus",NA
"prailginimo",NA
"prakeikimo",NA
"prakeiktos",V
"prakurotaras",NA
"praleidai",V
"praleisti",V
"pralotai",NA
"pralydėtų",V
"pramintas",V
"pramitinsi",V
"pranašas",NA
"pranašauti",V
"pranašavimai",NA
"prapuolimą",NA
"prapuolimo",NA
"prarakčiau",V
"prašau",V
"prasidėjo",V
"prasiradimo",NA
"prasiradimų",NA
"prašmatu",ADV
"prašmatus",ADJ
"prašoksta",V
"prašokstu",V
"prašokusios?",V
"prašome",V
"prastojimus",NA
"prastos",V
"prastybėje",NA
"prastyrią",NA
"prašuko",V
"prašydami",V
"pravytumbime,pavytumėme",V
"pražengia",V
"pražengimas",NA
"pražengimų",NA
"pražengimuose",NA
"pražengimus",NA
"pražengti",V
"pražuvęs",V
"pražuvo",V
"prekijas",NA
"priauga",V
"pribūti",V
"pridėk",V
"pridengęs",V
"pridengtas",V
"pridengti",V
"prideramo",V
"priderančiopi",V
"priderančios",V
"priderančio",V
"priderąs",V
"pridera",V
"priderėjimą",NA
"priderėjimo",NA
"priderėjo",V
"pridėsi",V
"pridėti",V
"priduodamas",V
"priduoti",V
"prie",AP
"prieičiau",V
"prieinančiąsias,priseinančias?",V
"prieinančio",V
"prieis",V
"prieiti",V
"priejautos",NA
"priėjimo",NA
"priėjimopi",NA
"priėjo",V
"priėmei",V
"priėmėme",V
"priėmęs",V
"priėmė",V
"priėmimą",NA
"priėmimas",NA
"priėmime",NA
"priėmimo",NA
"priėmusi",V
"priepekluose",NA
"priepuolių",NA
"priepuoliuose",NA
"prierauk",V
"prierauti",V
"priesakis",ADJ
"priesakių",NA
"priesakų",NA
"prieš",AP
"priešininkas",NA
"priešintis",V
"priešinykai",NA
"priešinyko",NA
"priešinykų",NA
"priešinykus",NA
"priespauda",NA
"priespaudas",NA
"priespaudomis",NA
"priespaudose",NA
"priespaudos",NA
"priešus",NA
"prieteliams",NA
"prieteliaus",NA
"prietikimų",NA
"priežastimi",NA
"priežasti",NA
"priežastis",NA
"priežinė",NA
"prigimimo",NA
"prigimtieji",V
"prigobs",V
"prigręžk",V
"priima",V
"priimčiau",V
"priimdavo",V
"priimdinėti",V
"priimk",V
"priimsi",V
"priimtiniu",ADJ
"priimti",V
"priimtų",V
"priklaupęs",V
"prikuopia",V
"prikuoptų",V
"prileidai",V
"prilyginimo",NA
"primanant",V
"prim",AP
"primitindami",V
"pripuolė",V
"prirašinėju",V
"pririšto",V
"prisakymą",NA
"prisakyme",NA
"prisakymo",NA
"prisakymopi",NA
"prisakymų",NA
"prisakymus",NA
"prisakytus",V
"prisiartinčiau",V
"prisiartini",V
"prisiartino",V
"prisiartinti",V
"prisidabojo",V
"prisiega",NA
"prisiegoja",V
"prisieiti",V
"prisiekėme",V
"prisiekia",V
"prisiekti",V
"prisiektų",V
"prisigatavymu",NA
"prisiimtų",V
"prisileidau",V
"prisiminėti",V
"prisirengti",V
"prisitaisyti",V
"prisiveizdėdama",V
"priskaityta",V
"prislėgimas",NA
"prispaustas",V
"pristoja",V
"pristotieji",V
"pritaisymo",NA
"pritaisymus",NA
"pritarimo",NA
"pritaryti",V
"pritarytojams",NA
"pritekimas",NA
"pritekimus",NA
"pritikimų",NA
"pritikimuose",NA
"prityriau",V
"privadžiodami",V
"privadžioja",V
"privalau",V
"privaliausias",ADJ
"privalomas",V
"privalomą",V
"privalome",V
"privalomus",ADJ
"privalomu",V
"privalomų",V
"privalo",V
"privalu",ADJ
"privalų",ADJ
"privalus",ADJ
"privalymas",NA
"privalyme",NA
"privalymų",NA
"prouerb",-
"Ps",-
"psa",-
"psal.",-
"psalm.",-
"puldinėju",V
"pusiaudienį?",NA
"putlumas",NA
"putos",NA
"radau",V
"radimosi",NA
"ragauti",V
"ragavimas",NA
"raišą",ADJ
"ramiai",ADV
"randamės",V
"randasi",V
"randa",V
"ranka",NA
"ranką",NA
"rankas",NA
"rankos",NA
"rankų",NA
"rasdami",V
"rasi",V
"rašo",V
"raštas",NA
"rasti",V
"raupuoti",ADJ
"rėdo",V
"rėdytojas",NA
"rėdytojaus",NA
"regėjimas",NA
"regėsis",V
"regės",V
"regėti",V
"regėtų",V
"regimų",V
"regina",-
"regiu",V
"regi",V
"regulai",NA
"reikalą",NA
"reikalas",NA
"reikale",NA
"reikalingą",ADJ
"reikalingai",ADV
"reikalingas",ADJ
"reikalingų",ADJ
"reikalingus",ADJ
"reikalų",NA
"reikaluose",NA
"reikia",V
"reikią",V
"reiškiai",ADV
"reiškūs",ADJ
"relikvijas",NA
"rikią",NA
"rodijimu",NA
"rodydamas",V
"rodydami",V
"rodytis",V
"rodžiasi",V
"rodžiuosi",V
"rodžiu",V
"rojų",NA
"rokavojiesi",V
"rokavojuosi",V
"rokunda",NA
"romumas",NA
"romūs",ADJ
"ronas",NA
"ronų",NA
"rožių",NA
"rūbo",NA
"rūbuose",NA
"rūpesčiuose",NA
"rūpinasi",V
"rūpinimo",NA
"rūpinkitės",V
"rūpinosi",V
"rūstauti",V
"rūstinti",V
"rūstybė",NA
"ruzgėdami",V
"Rymo",NT
"ryšius",NA
"ryto",NA
"s.",-
"saitinį",NA
"sakai",V
"sakant",V
"sakeisi",V
"sakioti",V
"sako",V
"sakramentai",NA
"sakramentą",NA
"sakramentas",NA
"sakramente",NA
"sakramento",NA
"sakramentopi",NA
"sakramentui",NA
"sakramentu",NA
"sakramentų",NA
"sakramentus",NA
"sakydamas",V
"sakyki",V
"sakymą",NA
"sakyti",V
"sakytųsi",V
"sakytų",V
"saldaus",ADJ
"saldiji,saldžioji",ADJ
"saldų",ADJ
"saldume",NA
"saldumi",NA
"saldus",ADJ
"saldusis",ADJ
"saldybei",NA
"saldybe",NA
"saldybė",NA
"saldybės",NA
"saldžiąsias",ADJ
"saldžiausiame",ADJ
"saldžiausias",ADJ
"saldžiausiasis",ADJ
"saldžiausioji",ADJ
"saldžiausiopi",ADJ
"šalies",NA
"šalis",NA
"šaltį",NA
"salue",-
"samaritone",NA
"sambares",NA
"sąnariai",NA
"sąnarių",NA
"sandarą",NA
"sargui",NA
"sargu",NA
"sargus",ADJ
"sargybe",NA
"sargybės",NA
"šarvu",NA
"saugodami",V
"saugoja",V
"saugojo",V
"saugosi",V
"saugotas",V
"saugotis",V
"saugoti",V
"saugotumbei,saugotumei",V
"saugotųsi",V
"saugotų",V
"šaukiame",V
"šaukia",V
"sau",PPER
"savai",PPER
"savampi",PPER
"savam",PPER
"sava",PPER
"savą",PPER
"savas",PPER
"save",PPER
"savęspi",PPER
"savęs",PPER
"saviems",PPER
"savimi",PPER
"savimpi",PPER
"savipi",PPER
"savomis",PPER
"savo",PPER
"savospi",PPER
"savos",PPER
"savuoju",PPER
"savuosna",PPER
"savu",PPER
"savų",PPER
"savus",PPER
"savyje",PPER
"sėdėti",V
"sėdi",V
"šeimyna",NA
"sekiočiau",V
"sekiojau",V
"sekiojo",V
"sėklą",NA
"sekma",ADJO
"sekmą",ADJO
"sekmoje",ADJO
"sektumbime,sektumėme",V
"sename",ADJ
"senatvės",NA
"senieji",ADJ
"senų",ADJ
"septynias",CARD
"septyni",CARD
"septynios",CARD
"septyniose",CARD
"septynis",CARD
"serafinai",NA
"sergančiopi",V
"sergantį",V
"sergąs",V
"sergą",V
"sergėdamiesi",V
"sergėjosi",V
"sergėjo",V
"sergėtis",V
"sergėti",V
"sėsdamiesi",V
"seserį",NA
"šeši",CARD
"šešios",CARD
"šešta",ADJO
"šeštą",ADJO
"šeštoje",ADJO
"šėtonas",NA
"šėtono",NA
"šiąją",PD
"šiam",PD
"šią",PD
"siela",NA
"sielojasi",V
"sielojimo",NA
"sielojosi",V
"sielos",NA
"sielvartuose",NA
"šie",PD
"silpno",ADJ
"silpnybę",NA
"šio",PD
"šios",PD
"ši",PD
"šį",PD
"širdies",NA
"širdimi",NA
"širdį",NA
"širdin",NA
"širdis",NA
"širdyje",NA
"širdys",NA
"šitai",ITJ
"šitai",PD
"šitai",PTK
"šitąja",PD
"šitame",PD
"šitam",PD
"šita",PD
"šitą",PD
"šitas",PD
"šitie",PD
"šitokia",PD
"šitokios",PD
"šito",PD
"skaičiaus",NA
"skaičių",NA
"skaitant",V
"skaitomus",V
"skaityti",V
"skaitytojop",NA
"skelame",V
"skiriasi",V
"skiria",V
"skiriuosi",V
"skolas",NA
"skomiepi",NA
"skomies",NA
"skomios",NA
"skomiospi",NA
"skrynia",NA
"skrynioje",NA
"skubinasi",V
"skundiesi",V
"skundimą",NA
"skyda",NA
"skyriaus",NA
"skyriumi",NA
"slaposi",V
"slaptės",NA
"slaptų",NA
"slepia",V
"sloviju",V
"smarkiąja",ADJ
"smarkumu",NA
"smarsu",NA
"šniupščiodami",V
"societatis",-
"Sodomos",NT
"šono",NA
"sopuliai",NA
"sopuliais",NA
"sopulį",NA
"sosto",NA
"sparnais",NA
"spaviedies",NA
"spaviedį",NA
"spaviedotųsi",V
"stalo",NA
"stalopi",NA
"stebėtis",V
"stebuklas",NA
"stebuklinga",ADJ
"stebuklingai",ADV
"stebuklingas",ADJ
"stembdamas",V
"stembti",V
"sterblės",NA
"stiebai",NA
"stiebiepi",NA
"stipra",ADJ
"stipria",ADJ
"stipriai",ADV
"stiprintis",V
"stiprintų",V
"stiprios",ADJ
"stipriu",ADJ
"stipro",ADJ
"stiprumu",NA
"stiprybe",NA
"stiprybės",NA
"stojamės",V
"stojasi",V
"stoją",V
"stoną",NA
"storastos",NA
"stovėti",V
"strujus",NA
"stulpai",NA
"su",AP
"subjaurintas",V
"subristi",V
"subtilnas",ADJ
"sūdą",NA
"sūdas",NA
"sudėjimą",NA
"sudėjime",NA
"sudėjo",V
"suderėjimą",NA
"sudėtas",V
"sūdo",NA
"sūdu",NA
"sūdytų",V
"sūdžia",NA
"sugrįžo",V
"sugrįžtų",V
"suguldymas",NA
"suimtas",V
"suimti",V
"sujungtos",V
"sukakus",V
"sukalbėti",V
"suma",NA
"sumišime",NA
"sūnaus",NA
"sūneliai",NA
"sunkesnį",ADJ
"sunkiai",ADV
"sunkius",NA
"sunkybę",NA
"sunkybėn",NA
"sunkybėse",NA
"sunkybes",NA
"sunkybės",NA
"sūnui",NA
"sūnumi",NA
"sūnumis",NA
"sūnums",NA
"sūnų",NA
"sūnupi",NA
"sūnus",NA
"sūnūs",NA
"suprantama",V
"supratimo",NA
"surinkimas",NA
"surystėje",NA
"susieiti",V
"susimilęs",V
"susimilki",V
"susimilk",V
"susimilstančiu",V
"susimilstantį",V
"susimilstąs?",V
"susimils",V
"susimiltų",V
"susimylai",V
"susimylimą",NA
"susimylimas",NA
"susimylime",NA
"susimylimo",NA
"susiverčia",V
"sutirpymą",NA
"sutrimimą",NA
"sutvarčioji",V
"sutvėrėją",NA
"sutvėrėjas",NA
"sutvėrėjau",NA
"sutvėrėjį",NA
"sutvėrėjo",NA
"sutvėrėju",NA
"sutvėrė",V
"sutvėrimo",NA
"sutvėrimopi",NA
"sutverti",V
"sutvertojas",NA
"sutvertus",V
"suvieninimo",NA
"suvieninta",V
"švankų",ADJ
"švankumas",NA
"švankumopi",NA
"svečią",NA
"svečio",NA
"sveika",ADJ
"sveiką",ADJ
"sveikas",ADJ
"sveikatą",NA
"sveikatoje",NA
"sveikatos",NA
"sveikieji",ADJ
"sveikindamas",V
"švenčiausia",ADJ
"švenčiausią",ADJ
"švenčiausiai",ADJ
"švenčiausiais",ADJ
"švenčiausiam",ADJ
"švenčiausiame",ADJ
"švenčiausias",ADJ
"švenčiausiasis",ADJ
"švenčiausio",ADJ
"švenčiausioji",ADJ
"švenčiausiopi",ADJ
"švenčiausios",ADJ
"švenčiausiospi",ADJ
"švenčiausiu",ADJ
"švenčia",V
"švenčiumpi",NA
"švenčių",NA
"šventa",ADJ
"šventą",ADJ
"šventai",ADJ
"šventai",ADV
"šventaisiais",ADJ
"šventąja",ADJ
"šventam",ADJ
"šventas",ADJ
"šventasis",ADJ
"šventėje",NA
"šventes",NA
"šventės",NA
"šventieji",ADJ
"šventiems",ADJ
"šventiems",NA
"švento",ADJ
"šventoje",ADJ
"šventoji",ADJ
"šventomis",ADJ
"šventopi",ADJ
"šventos",ADJ
"šventospi",ADJ
"šventų",ADJ
"šventųjų",ADJ
"šventųjų",NA
"šventuoju",ADJ
"šventuose",ADJ
"šventuosius",ADJ
"šventuosius",NA
"švęsdami",V
"švęskis",V
"švęsti",V
"švęstumbei,švęstumei",V
"svetimo",ADJ
"svetimos",ADJ
"svetimoteriauk",V
"svetimoteriauti",V
"svetimų",ADJ
"sviečijimo",NA
"šviesai",NA
"šviesą",NA
"svietas",NA
"sylomis",NA
"sylos",NA
"tačiau",KO
"tada",ADV
"tad",ADV
"tadang",ADV
"tad",KO
"tad",PTK
"tai",-
"taigi",PTK
"tai",KO
"taip",ADV
"tai",PD
"taip",KO
"taipo",ADV
"taipogi",ADV
"taipogi",PTK
"taip",PTK
"taip",PTK???
"tai",PTK
"taiso",V
"taisytojas",NA
"tąja",PD
"tąją",PD
"tąjėg",ADV
"tame",PD
"Tamošiaus",NT
"Tamošiumi",NT
"tampame",V
"tampa",V
"tam",PD
"tampi",V
"tankiai",ADV
"tankiau",ADV
"tankų",ADJ
"tapčiau",V
"tą",PD
"tapęs",V
"tapsime",V
"tapsite",V
"taptumbime,taptumėme",V
"taptų",V
"tarei",V
"tarė",V
"tari",V
"tarnai",NA
"tarnaitė",NA
"tarnaitės",NA
"tarną",NA
"tarnas",NA
"tarnaudamas",V
"tarnaudami",V
"tarnauti",V
"tarnautumbime,tarnautumėme",V
"tarnautumbite,tarnautumėte",V
"tarnautų",V
"tarnavime",NA
"tarnavimu",NA
"tarno",NA
"tarnui",NA
"tarnus",NA
"tarp",AP
"tarpininkams",NA
"tarpinyke",NA
"tarpinykė",NA
"tarpinykus",NA
"tarpus",NA
"tarydamas",V
"tarydami",V
"tarysi",V
"taryta",V
"tasai",PD
"tas",PD
"tatai",PD
"tau",PPER
"tautų",NA
"tavai",PPER
"tavais",PPER
"tavame",PPER
"tavam",PPER
"tava",PPER
"tavą",PPER
"tavas",PPER
"tave",PPER
"tavęspi",PPER
"tavęs",PPER
"taviems",PPER
"tavimi",PPER
"tavimpi",PPER
"tavipi",PPER
"tavoje",PPER
"tavomis",PPER
"tavopi",PPER
"tavo",PPER
"tavospi",PPER
"tavos",PPER
"tavumpi",PPER
"tavu",PPER
"tavų",PPER
"tavus",PPER
"tegul",PTK
"teikdami",V
"teikeisi",V
"teikėsi",V
"teikiesi",V
"teikis",V
"teiksiesi",V
"teiktumbeisi,teiktumeisi",V
"teiktumbime,teiktumėme",V
"teiktųsi",V
"teipaja",PTK
"teipajeg",ADV
"teisaus",ADJ
"teisiai",ADV
"teisiųjų",ADJ
"teisų",ADJ
"teisybė",NA
"teisybės",NA
"teisybių",NA
"tekėčiau",V
"tekėti",V
"teko",V
"teku",V
"ten",ADV
"tenai",ADV
"teologą",NA
"te",PTK
"teriojame",V
"terioja",V
"Tertulianus",-
"tesiduodi",V
"testamento",NA
"testamentu",NA
"tęstųsi",V
"tėvai",NA
"tėvainiais",NA
"tėvainimi",NA
"tėvainiu",NA
"tėvainumą",NA
"tėvainumo",NA
"tėvainumopi",NA
"tėvą",NA
"tėvas",NA
"tėve",NA
"tėvo",NA
"Tėvo",NT
"tėvopi",NA
"tėvui",NA
"tėvu",NA
"tėvų",NA
"tėvykščia",NA
"tėvykščią",NA
"tėvykštavimą",NA
"tiektai",ADV
"tie",PD
"tiesa",NA
"tiesą",NA
"ties",AP
"tiesos",NA
"tikėdamas",V
"tikėdamiesi",V
"tikėdami",V
"tikėjimą",NA
"tikėjimąsi",NA
"tikėjimas",NA
"tikėjimo",NA
"tikėjimopi",NA
"tikėjimosi",NA
"tikėjimusi",NA
"tikėti",V
"tikiesi",V
"tikimės",V
"tikiu",V
"tiki",V
"tikra",ADJ
"tikrai",ADV
"tikrais",ADJ
"tikrąja",ADJ
"tikram",ADJ
"tikras",ADJ
"tikrasis",ADJ
"tikro",ADJ
"tikroje",ADJ
"tikroji",ADJ
"tikrojo",ADJ
"tikropi",ADJ
"tikrospi",ADJ
"tikru",ADJ
"tikrųjų",ADJ
"tikruoju",ADJ
"tiktai",KO
"tiktai",PTK
"tingėjimas",NA
"tinginčiu",V
"tingus",ADJ
"toblyčios",NA
"tobulai",ADV
"tobulas",ADJ
"tobuliau",ADV
"tobulumą",NA
"tobulume",NA
"tobulumopi",NA
"todrin",ADV
"todrinag",ADV
"tojag",ADV
"toje",PD
"toji",PD
"tojo",PD
"tokiam",PD
"tokiems",PD
"tokie",PD
"tokio",PD
"tokiopi",PD
"tokiosna",PD
"tokios",PD
"tokį",PD
"tokiu",PD
"tokių",PD
"toksai",PD
"toli",ADV
"tolimam",ADJ
"tomis",PD
"to",PD
"topi",PD
"tose",PD
"tos",PD
"traicė",NA
"traicę",NA
"traicės",NA
"trauki",V
"trečia",ADJO
"trečią",ADJO
"trečiąja",ADJO
"trečias",ADJO
"trečio",ADJO
"trečioje",ADJO
"trejopo",ADJ
"trejus",CARD
"treti",ADJO
"tris",CARD
"trobeles",NA
"trokšk",V
"trokštame",V
"trokštantį",V
"trokšta",V
"trokšti",V
"trokštu",V
"troškumas",NA
"trumpą",ADJ
"trumpai",ADV
"trumpas",ADJ
"trumpiau",ADV
"truputį",ADV
"trys",CARD
"ttodrinag",ADV
"tūlais",PI
"tūlas",PI
"tūleriopas",ADJ
"tūleriopos",ADJ
"tūleriopų",ADJ
"tūli",PI
"tūloms",PI
"tūlu",PI
"tūlų",PI
"tūlus",PI
"tuointimpos",ADV
"tuojau",ADV
"tuojaus",ADV
"tuo",KO
"tuo",PD
"tuo",PTK
"tuose",PD
"tuos",PD
"tų",PD
"tu",PPER
"turėdamas",V
"turėjai",V
"turėjau",V
"turėjosi",V
"turėjo",V
"turėk",V
"turėsi",V
"turės",V
"turėti",V
"turėtumbei,turėtumei",V
"turėtumbime,turėtumėme",V
"turėtume",V
"turėtųsi",V
"turėtų",V
"turime",V
"turisi",V
"turiu",V
"turi",V
"turte",NA
"turtinta",V
"turto",NA
"turtų",NA
"tuščiai",ADV
"tuščiu",ADJ
"tuščių",ADJ
"tuskymas",NA
"tvardymas",NA
"tvirtas",ADJ
"tyčiomis",ADV
"tylisi",V
"ubagystės",NA
"ugnimi",NA
"ugnį",NA
"uolos",NA
"urėdo",NA
"už",AP
"užauga",V
"užaušusiu",V
"užblėstančia",V
"uždengęs",V
"uždengta",V
"uždengtą",V
"uždengtoji",V
"uždrausto",V
"uždraustų",V
"užgimimas",NA
"užgimimo",NA
"užgriūtų",V
"užgulėjo",V
"užguli",V
"užgynęs",V
"užkietėjimas",NA
"užklystų",V
"užlaiko",V
"užlaikysime",V
"užlaikyti",V
"užleistoji",V
"užmiršdamas",V
"užmiršęs",V
"užmiršimą",NA
"užmiršk",V
"užmiršo",V
"užmiršta",V
"užmiršti",V
"užmirštumbei,užmirštumei",V
"užmokėdamas",V
"užmuša",V
"užmušimas",NA
"užmušk",V
"užmuštieji",V
"užmušti",V
"užpultų",V
"užpylei",V
"užraišioji",V
"užrakina",V
"užrausta",V
"užretėjusi",V
"užriš",V
"užšalęs",V
"užšalime",NA
"užšalusiu",V
"užsaugojimo",NA
"užsaugosime",V
"užsaugoti",V
"užsausaugojęs",V
"užsėda",V
"užsidegčiau",V
"užsidengia",V
"užsidrūtinimas",NA
"užsilaikė",V
"užsilaikyk",V
"užsilaikyti",V
"užsiliko",V
"užsiliktų",V
"užsirakina",V
"užslėgtų",V
"užslėpti",V
"užtarytoja",NA
"užtarytojus",NA
"užties",ADV
"užturėdami",V
"užturėta",V
"užu",AP
"užvėsime",NA
"užvėsusiu",V
"užžengė",V
"užžengimas",NA
"v.",-
"vadiname",V
"vadinasi",V
"vadina",V
"vadinėjai",V
"vadinėjimu",NA
"vadinėji",V
"vadinėtų",V
"vadini",V
"vadinti",V
"vaikai",NA
"vaikėkų",NA
"vaikeliai",NA
"vaikeliams",NA
"vaikelis",NA
"vaikelius",NA
"vainiką",NA
"vaisiaus",NA
"vaisių",NA
"vaisius",NA
"vaistai",V
"vaistą",NA
"vaisto",NA
"vaistu",NA
"vaistus",NA
"vaistytojaus",NA
"vaistytojo",NA
"vaistytojopi",NA
"vaitas",NA
"vakarą",NA
"vakaras",NA
"vakaro",NA
"valandoje",NA
"valdžioja",V
"valdžioje",NA
"valgei",V
"valgo",V
"valgyčiau",V
"valgydami",V
"valgymas",NA
"valgyme",NA
"valgymo",NA
"valgyti",V
"valiai",NA
"valia",NA
"valią",NA
"valios",NA
"valksną",NA
"vangstyti",V
"vardais",NA
"vardą",NA
"vardan",AP
"vardas",NA
"vardo",NA
"vardui",NA
"vardu",NA
"vargai",NA
"vargais",NA
"vargas",NA
"vargesnė",ADJ
"vargiai",ADV
"vargo",NA
"vargų",NA
"varguose",NA
"vargus",ADJ
"vargus",NA
"vartodamas",V
"vartoja",V
"vartojimą",NA
"vartoti",V
"vasaros",NA
"vasarumpi",NA
"vašku",NA
"veda",V
"vedi",V
"veidą",NA
"veidu",NA
"veikalai",NA
"veikalo",NA
"veikalu",NA
"veikalų",NA
"veikaluose",NA
"veikalus",NA
"veikėsi",V
"veikiasi",V
"veikiąs",V
"veikiau",ADV
"veiki",V
"veiksis",V
"veizdėdamas",V
"veizdėkite",V
"veizdėk",V
"veizdi",V
"veizdžiu",V
"veizėk",V
"vėl",ADV
"velinai",NA
"velinas",NA
"velino",NA
"velniopi",NA
"velsti",V
"Velykų",NT
"vengdami",V
"vengsiu",V
"vengti",V
"vergais",NA
"vergu",NA
"verkdami",V
"verkiantį",V
"verkia",V
"versmės",NA
"versmėspi",NA
"verta",ADJ
"vertą",ADJ
"vertai",ADV
"vertais",ADJ
"vertas",ADJ
"vertu",ADJ
"vestų",V
"vidurėjo",ADJ
"viduriai",NA
"viduryjęjo",ADJ
"viduryjęju",ADJ
"viduryje",NA
"vidutinius",ADJ
"viena",CARD
"vieną",CARD
"vienaip",ADV
"vienai",PI
"viename",CARD
"vienam",PI
"vienampi",ADJ
"viena",PI
"vienas",CARD
"vienas",PI
"vienatijas",ADJ
"vienatijį",ADJ
"vienatros",ADJ
"vieneliopai",ADV
"viengimis",ADJ
"vieno",CARD
"vienoji",PI
"vienok",ADV
"vienokig",KO
"vieno",PI
"vienos",CARD
"vienu",CARD
"vienus",CARD
"vienybę",NA
"viernųjų",ADJ
"vieros",NA
"Viešpačiui",NT
"Viešpatie",NT
"Viešpatiepi",NT
"Viešpaties",NT
"Viešpatiespi",NT
"Viešpatimi",NT
"Viešpatį",NT
"Viešpatipi",NT
"Viešpatis",NT
"Viešpats",NT
"viešpatų",NA
"Viešpatys?",NT
"vietinykas",NA
"vietoje",ADV
"vietoje",NA
"vietos",NA
"viežlyvai",ADV
"viežlyvų",ADJ
"viežlyvumo",NA
"viežlyvumu",NA
"viežlyvuose",ADJ
"vikarijus",NA
"viliąs",V
"viliojimu",NA
"Vilniuje",NT
"viltį",NA
"virpa",V
"viršutiniais",ADJ
"viršutiniuose",ADJ
"viršutinius",ADJ
"visadienį",ADJ
"visados",ADV
"visagalinčio",ADJ
"visagalinčiu",ADJ
"visagalintį",ADJ
"visais",PI
"visame",PI
"visa",PI
"visą",PI
"visas",PI
"visiems",PI
"visi",PI
"visogalinčiam",ADJ
"visogalinčio",ADJ
"visogalis",ADJ
"visogalisis",ADJ
"visogalybei",NA
"visogalybėje",NA
"visokiame",PI
"visokią",PI
"visokioje",PI
"visokio",PI
"visokios",PI
"visokiuose",PI
"visokių",PI
"visokius",PI
"visoks",PI
"visomis",PI
"viso",PI
"visos",PI
"visuose",PI
"visu",PI
"visų",PI
"visur",ADV
"visus",PI
"vogti",V
"vok",V
"vos",PTK
"votys",NA
"vylius",NA
"vynas",NA
"vyno",NA
"vyras",NA
"vyresnieji",NA
"vyresniu",ADJ
"vyresnius",ADJ
"vyriausias",ADJ
"vyriausios",ADJ
"vyro",NA
"vyzius",NA
"ypačiai",ADV
"ypačio",ADJ
"yra",V
"yra",VA
"Zacheušu",NT
"žadėjau",V
"žadėjimų",NA
"žadėjo",V
"žadėtą",V
"žadėti",V
"žadinančio",V
"žadindamas",V
"žadinimą",NA
"žadinu",V
"žaduosi",V
"žaizdą",NA
"žaizdas",NA
"žaizdų",NA
"žalčius",NA
"žalingų",ADJ
"žalos",NA
"žalospi",NA
"žemai",ADV
"Žemaičių",NT
"žemasis",ADJ
"žemėje",NA
"žemėjų",ADJ
"žemę",NA
"žemės",NA
"žeminius",ADJ
"žeminosi",V
"žemyną",NA
"ženklas",NA
"ženklinamės",V
"ženkliname",V
"ženklinsis",V
"ženklintis",V
"ženklu",NA
"žiba",V
"žibėjimas",NA
"žibėjimu",NA
"žiburio",NA
"žinai",V
"žinau",V
"žingslį",NA
"žinodamas",V
"žinodami",V
"žinoma",V
"žinoti",V
"žino",V
"žmogaus",NA
"žmogauspi",NA
"žmogui",NA
"žmogumi",NA
"žmogų",NA
"žmogus",NA
"žmogystėje",NA
"žmogyste",NA
"žmogystė",NA
"žmona",NA
"žmonėmis",NA
"žmonėms",NA
"žmones",NA
"žmonės",NA
"žmonių",NA
"žmonos",NA
"žodį",NA
"žodis",NA
"žodžiai",NA
"žodžiais",NA
"žodžio",NA
"žodžiui",NA
"žodžiu",NA
"žodžių",NA
"žodžiuose",NA
"žodžius",NA
"zokane",NA
"zokaninkas",NA
"zokoną",NA
"zokonas",NA
"zupelnai",ADV
"žūvu",V
"žvaiždės",NA
"žvakės",NA
"žvilgterės",V
"žvilgterėti",V
"žyčydami",V
"žygį",NA
"žyme",NA
"žymė",NA
"žymę",NA
"žyminame",V
"žynauja",V
"žyvate",NA
"žyvato",NA
